OUTPUT Lum_agn= 1.000000e+37 T_e= 1.035000e+04 N_h= 9.985303e+06 N_e= 1.206937e+07 alpha= -0.900000 IP(sim_2010)= 3.662110e+08 Meaured_IP(cloudy)= 4.768347e+06 Measured_Xi= 4.471223e+08 distance= 1.000000e+11 volume= 1.256638e+23 mean_ds=1.002253e+00
OUTPUT Absorbed_flux(ergs-1cm-3)    6.01e+00  (photo 6.01e+00 ff 5.45e-08 compton 6.52e-05 induced_compton 0.00e+00 lines 0.00e+00 auger 0.00e+00 )
OUTPUT Wind_cooling(ergs-1cm-3)     2.68e-08 (recomb 6.17e-11 ff 3.27e-11 compton 2.67e-08 DR 0.00e+00 DI 6.71e-19 adiabatic 3.55e-16 lines 0.00e+00 ) after update
OUTPUT Wind_line_cooling(ergs-1cm-3)  HHe 0.00e+00 Metals 0.00e+00
OUTPUT Balance      Cooling=3.36e+15 Heating=7.55e+23 Lum=1.19e+13 T_e=1.035000e+04 after update
OUTPUT H      2.20e-12 1.00e+00
OUTPUT He     3.88e-22 1.56e-10 1.00e+00
OUTPUT C      2.76e-24 2.76e-24 2.76e-24 3.57e-24 2.73e-15 1.25e-07 1.00e+00
OUTPUT N      8.93e-24 8.93e-24 8.93e-24 8.93e-24 9.82e-23 2.05e-14 3.18e-07 1.00e+00
OUTPUT O      1.18e-24 1.18e-24 1.18e-24 1.18e-24 1.18e-24 1.63e-21 1.16e-13 7.15e-07 1.00e+00
OUTPUT Ne     8.14e-24 8.14e-24 8.14e-24 8.14e-24 8.14e-24 8.14e-24 8.14e-24 1.53e-19 2.00e-12 2.76e-06 1.00e+00
OUTPUT Na     4.90e-22 4.90e-22 4.90e-22 4.90e-22 4.90e-22 4.90e-22 4.90e-22 4.90e-22 1.02e-18 6.67e-12 4.86e-06 1.00e+00
OUTPUT Mg     2.63e-23 2.63e-23 2.63e-23 2.63e-23 2.63e-23 2.63e-23 2.63e-23 2.63e-23 2.63e-23 5.70e-18 1.99e-11 8.24e-06 1.00e+00
OUTPUT Al     3.32e-22 3.32e-22 3.32e-22 3.32e-22 3.32e-22 3.32e-22 3.32e-22 3.32e-22 3.32e-22 3.32e-22 2.77e-17 5.49e-11 1.34e-05 1.00e+00
OUTPUT Si     2.82e-23 2.82e-23 2.82e-23 2.82e-23 2.82e-23 2.82e-23 2.82e-23 2.82e-23 2.82e-23 2.82e-23 3.82e-23 1.17e-16 1.39e-10 2.10e-05 1.00e+00
OUTPUT S      5.38e-23 5.38e-23 5.38e-23 5.38e-23 5.38e-23 5.38e-23 5.38e-23 5.38e-23 5.38e-23 5.38e-23 5.38e-23 5.38e-23 3.92e-21 1.55e-15 7.29e-10 4.71e-05 1.00e+00
OUTPUT Ar     2.76e-22 2.76e-22 2.76e-22 2.76e-22 2.76e-22 2.76e-22 2.76e-22 2.76e-22 2.76e-22 2.76e-22 2.76e-22 2.76e-22 2.76e-22 2.76e-22 5.95e-20 1.48e-14 3.15e-09 9.57e-05 1.00e+00
OUTPUT Ca     4.58e-22 4.58e-22 4.58e-22 4.58e-22 4.58e-22 4.58e-22 4.58e-22 4.58e-22 4.58e-22 4.58e-22 4.58e-22 4.58e-22 4.58e-22 4.58e-22 4.58e-22 4.58e-22 1.13e-18 1.10e-13 1.16e-08 1.80e-04 1.00e+00
OUTPUT Fe     3.09e-23 3.09e-23 3.09e-23 3.09e-23 3.09e-23 3.09e-23 3.09e-23 3.09e-23 3.09e-23 3.09e-23 3.09e-23 3.09e-23 3.09e-23 3.09e-23 3.09e-23 3.09e-23 3.09e-23 3.09e-23 3.09e-23 3.09e-23 3.09e-23 2.80e-20 3.78e-16 1.59e-11 3.00e-07 8.88e-04 9.99e-01
